0.1038730172019328, 0.03480700588428417
0.12542850420554139, 0.03541949984266577
0.15248029239982666, 0.03604277177058322
0.1904312294068337, 0.036998304144069696
0.25439786838579803, 0.03831186849557293
0.3092651196237844, 0.03898603702549078
0.4159713708607122, 0.04144042897675211
0.5825439896972614, 0.043666814893699286
0.727589474700925, 0.04601281333333443
0.9026284911359429, 0.04806380863064396
1.2472356626406005, 0.0515372465596164
1.7469491297097344, 0.05722367659350223
2.7255997260534888, 0.06695107825337332
3.8960195144689655, 0.07765179782744638
6.12105947505702, 0.09827074362680924
9.111859934951235, 0.12115276586285895
11.773222644509179, 0.1392962400626061
15.52228341291081, 0.16015682644458368
18.496508535521432, 0.17475284000076852